6.052376204507976e-06
5.21430927511557e-06
4.376279952770162e-06
3.5383296013849394e-06
2.7002820904389768e-06
1.8622601076538814e-06
1.0242546647205362e-06
0.0009784754223909047
0.0008422287478239291
0.0007065915975735344
0.0005698790787829707
0.00043470195747040934
0.00029998725054185195
0.00016465402073892235
0.0009779031499764926
0.0008426461723079759
0.0007071809903731226
0.000571715503833691
0.0004362435668176596
0.0003008975208865193
0.00016539985414740135
0.0009877894032992167
0.0008522076076649226
0.0007162177606765972
0.0005790128782749226
0.00044169148801483473
0.00030399381372589067
0.00016718214494691966
0.0009483988929266769
0.0008164678652463527
0.0006858216407735557
0.0005550519311333923
0.00042466342677759166
0.00029422365411067223
0.00016183982455091747
0.0009876730802104504
0.0008531878851129189
0.0007148744264130891
0.0005775728829531453
0.0004400673758327137
0.0003023077417233809
0.00016646489104116222
0.000975563997936307
0.0008387235675706035
0.0007040895242339749
0.0005692734647406248
0.0004343036212872422
0.00029925560169079415
0.00016465417477853545
0.0009596707591087981
0.0008261452853935486
0.0006927925620611316
0.000559990863306967
0.0004272410357648627
0.00029458253512206303
0.00016167554657358073
0.0009893972763034596
0.0008537406896052306
0.0007167071879440702
0.0005793019601939519
0.00044190223674912333
0.0003048495853092985
0.00016778475503902425
0.0009602839485767945
0.000830986137556029
0.0006989497165164048
0.0005653210847098313
0.00043139595640669483
0.00029763039699244484
0.0001637145339437901
0.0009768009768009768
0.0008365763114454096
0.0007010772536790241
0.0005685197167874148
0.0004341914541015652
0.0002996322014726923
0.0001649733464937071
0.0009806149398571885
0.0008443224030018677
0.0007086357442654217
0.0005712363697177078
0.00043640932937806027
0.00030078495473656407
0.0001653015203043802
0.0009788594593119183
0.0008432703076619013
0.0007083133570756454
0.0005737018109350585
0.0004375381313538505
0.00030183496795833166
0.00016582466679606017
0.0009687801288291268
0.0008358591017686443
0.0007009883749653933
0.000566129619473369
0.0004317086264501549
0.00029758777211844365
0.00016384102951745092
0.0009704244487242651
0.0008366716157286794
0.0007019384515723141
0.0005668527273727401
0.0004325102278415409
0.000298083694449309
0.00016383965683039152
0.0009611643396939616
0.0008262199423305857
0.0006928040506926198
0.0005603402592495311
0.0004275745007100133
0.0002949042390641214
0.00016216146490770616
0.0009704443702095973
0.0008360236624554463
0.0007021521149064466
0.0005674892149048056
0.00043305396375039663
0.0002986400677912954
0.00016426414794973144
0.0009661171565685748
0.000834433804999525
0.0007005762985349385
0.0005668374015726008
0.00043292628310393215
0.00029883138252471427
0.00016440562229863348
0.0009724997638882785
0.000838079488472198
0.0007036467992491939
0.000568770212156902
0.0004339056086975631
0.00029911993307191496
0.0001645075056549455
0.00098763462457064
0.0008491490502988133
0.0007123323485086015
0.0005762667205021103
0.00043974456905979955
0.0003030426428348882
0.00016659220499928062
0.0009905658130973756
0.0008532959508440582
0.0007154961042569164
0.0005778435032522705
0.00044075041557824744
0.0003039891931841823
0.00016722662247829854
0.0009716883645924235
0.0008369560953009025
0.0007035447616321116
0.0005696238702381834
0.0004360574392902789
0.00030112687322088127
0.00016583654170506347
0.0009629326484166239
0.0008297018444197921
0.0006956103472039146
0.0005629613991812985
0.0004286124687431586
0.0002952906675230096
0.00016274566735895223
0.000983391091800504
0.000847457627118644
0.000710986730453774
0.0005738534257539377
0.0004377271771030951
0.00030211936736204475
0.0001656250794012277
7.660589928751789
0.0004560443951074987
0.0003833577859864377
0.000463847015930246
5.015551586585434
0.00029559344078154904
0.0001625573222375646
9.747950941230046
0.0004122667770952677
0.00034650721191173834
0.0003090995239460621
10.850116577337687
0.0002877239863798658
0.0001620958999868297
9.176073253281505
0.0009276725978352926
0.0007790743933165363
0.000690316046668998
10.068495759064223
0.000306637063413503
0.00016527140663808847
9.538355414275454
0.0007927288363076885
0.0006639021733084841
0.0005142497071398667
9.858174603107509
0.0002912981062892171
0.0001597044016710888
4.474239725677643
0.0006694435623960999
0.0005601473068236668
0.011114880808589652
6.914936072985946
0.00030474884409715776
0.0001673816844493856
0.0009739907021349127
0.0008407035637949509
0.0007068585963217034
0.0005719107179642988
0.00043673876621298547
0.00030154769353707905
0.00016607173355300095
0.0009908706513640669
0.000852606587718088
0.0007156915369475756
0.0005787097627765885
0.00044166458049955693
0.0003046391786927742
0.00016766998735806403
0.0009813227853714968
0.0008470634503465775
0.0007094332929874595
0.0005726885939835672
0.00043641261307695347
0.0003004598914213067
0.00016482394742116076
0.0009715621879206794
0.0008355270581148235
0.0007018008845304233
0.0005677128269484316
0.00043404361202862066
0.0002996462301695061
0.00016490657012136563
11.098111417406912
0.0002941951939143623
0.0002469249308807208
0.0002989496933553022
11.715358575986196
0.0003024640422239803
0.00016675367544997436
9.2986912807884
0.0008225699987789976
0.0006926649362324554
0.0005113360167260702
10.056761257531484
0.00030035526396065344
0.0001648403109487684
9.176852484326467
0.0010491938420752493
0.000882055564808798
0.0006770503322334978
9.416875544564533
0.00029896902400627836
0.00016523975255347054
9.485189519472563
0.0008050574861361194
0.0006721961954767989
0.0003088161421448195
9.421262622167292
0.00029152048887985985
0.00016087060245126582
0.01840902553613091
0.0028661819321776903
0.002404115128981416
0.15097874858241703
0.11359670867560898
0.00030750573450147073
0.00016862356226856178
0.0009794153267197686
0.0008434004853317971
0.0007081712795110605
0.0005730815670387612
0.0004378572924943333
0.00030222579856083854
0.0001656440967173293
0.0009758129741841171
0.000841042103731655
0.0007062723938595627
0.0005698326116703219
0.00043436745239744623
0.00029996587888127724
0.00016540529466107422
0.0009877518767285659
0.0008510589795270924
0.0007137196467467387
0.0005767712950033392
0.0004399951828113606
0.00030291126119943394
0.00016617522233017317
0.0009860334056740535
0.0008491941185725198
0.000712175164785211
0.0005759822961231086
0.0004397374843035515
0.00030320717388173404
0.00016674119492803601
0.0009836654780708807
0.0008474784678043308
0.0007114757634645842
0.0005752324582483415
0.0004399559664761139
0.0003031816067298737
0.00016671450236194665
8.377077160875778
0.00021917583038530425
0.0001840246083971016
0.00019187316174150142
8.083453825061817
0.00029133550014111563
0.00016312200691970968
9.214385984174163
0.0008652298315022843
0.0007361593236732001
0.0006107894755347673
9.794551857686095
0.00030847298162272214
0.00016684219856307156
9.750028296768704
0.0008754736449211781
0.0007275337669511981
0.0005407741965322855
9.257323195072125
0.0002998351843471042
0.0001648443251404455
8.124868949668285
0.006613278222681478
0.005521819263218956
0.0006449409263812662
9.530198049118889
0.0002923840354661835
0.0001607257498175854
6.169712744487825
0.008389356004569203
0.006754814601897097
0.003877526291286408
5.89618045112782
0.00030834695199037957
0.0001692058764431771
0.012310448980892376
0.0008395605425285202
0.000705123396594404
0.01192046766066452
0.011791666784020039
0.000300070235189424
0.00016486795107543552
0.0009802858852971255
0.0008450749390951851
0.0007093971539212588
0.0005732939319477473
0.00043736450183806203
0.0003025755800704812
0.00016666966545799593
0.000991710634094058
0.0008530303044727921
0.0007152307047019761
0.0005779681946383944
0.0004408291388060751
0.00030349502979467615
0.00016671876628112953
0.0009872352382227108
0.0008497691586905968
0.0007139622340561884
0.0005765322910236388
0.0004400394138750876
0.00030322268863767734
0.0001667590473889418
0.0009739979995579547
0.0008405355787640937
0.0007052192791196012
0.0005705523660093428
0.00043555069941557357
0.0003003566735498404
0.00016545629744529837
0.0009999807696005846
0.0008617679901281399
0.0007243166188283793
0.0005854614890558182
0.00044657981459238043
0.00030765887937176056
0.0001688137667626795
0.0009761408646355428
0.000842359396020792
0.0007077393937910926
0.0005729967731234356
0.00043936814315826154
0.00030398948196392407
0.000167541818818754
0.0009656560704483244
0.0008315267424939863
0.000695581393197732
0.000561903670487858
0.0004269976634761475
0.00029380898559693263
0.0001612709617888615
0.000983538032186282
0.0008454106280193237
0.0007107307105605888
0.0005741346666855527
0.0004381140323958889
0.00030185233572394097
0.00016605058127138137
0.0009888883183763976
0.0008517806588751552
0.0007139968060036497
0.000578588605420652
0.00044264756667855966
0.0003054749706218993
0.0001679956779293769
0.0009799422776308388
0.0008440837828519104
0.0007090754109242873
0.0005728655810487021
0.00043592921035745253
0.00030038063859046387
0.00016517989122528755
0.0009669138805136172
0.0008326827998959146
0.0006977505894229547
0.000563743852595818
0.0004313378072236068
0.00029769934227051565
0.0001637756236733942
0.0009798979587029542
0.0008461427318133614
0.0007107051858796489
0.0005748946893157524
0.00043776434503755435
0.00030183098219574493
0.0001660172186267546
0.0009553432162364253
0.0008258011238637171
0.0006935970477853317
0.0005616783836965459
0.00042994173548205366
0.00029652308154199417
6.737336933869392
0.0009223218743708922
0.000806171530988118
0.0006775513366772414
0.0005476253954071523
0.0004204311412621452
0.00029073623500209877
10.648870505828224
0.0009390358088664845
0.0008106924544075974
0.0006839739980735945
0.0005535888582958204
0.0004210942824653255
0.00029069160073872004
9.85537462126861
0.0009898709550922198
0.0008468865105912799
0.00071758601012636
0.0005789687690152675
0.000441523369812933
0.00030638985619783595
10.837146660524745
0.0010036285030494865
0.0008528581694960427
0.000709758040463759
0.0005762973087484396
0.00043799327340502954
0.0003002709945726018
10.711811921176505
0.012890399223592884
0.012723184556686331
0.0007297555901024957
0.0005866109900797135
0.00044707723259193024
0.0003073329645337759
0.2528394686618749
0.0009863401374996088
0.000850791492464893
0.0007143637460398885
0.0005782886839937681
0.00044142885955331964
0.00030411399713182487
0.00016723361395640525
2.6066245029052784
0.0006789169758795044
0.0005713664852527423
0.0005213259170148603
1.526065561814383
0.00029965773468116887
0.0001649356235644275
10.381277755385213
0.0003248388222997501
0.0002729301226298269
0.0003126102233826277
11.176600134526977
0.00030220924401413204
0.00016777435873970953
10.0239511925487
0.000906756856589724
0.000756907028264237
0.0005455542265647222
9.601890621758386
0.0002976334420935536
0.0001625903600545047
9.666156191254961
0.0007847664225073813
0.0006618256001534872
0.0006034422010554283
9.76435670954611
0.0003012377104427818
0.00016584966858336112
7.990139780617182
0.0015917824232400235
0.0013195297420600105
0.0005355700429601168
9.38795403940717
0.0002993583440993196
0.00016429236199208222
14.669691260717444
0.018562638546479108
0.01567907927108961
0.0013613575959499611
9.10516516648694
0.000307331783868923
0.00016883741053296022
0.0016618515583054227
0.001388875971515642
0.0011691160580888996
0.019617865476170254
0.01940094934900238
0.00029485396896477694
0.00016204545559171912
0.0009638241576964602
0.0008360868522543085
0.0007005541084890017
0.0005666044457946861
0.0004323453992486135
0.0002980975785161075
0.00016402303778121564
0.0009962105682614975
0.0008530684758827259
0.0007157950846199242
0.0005782012425620781
0.0004409581716961874
0.0003041807746343652
0.00016730801405387318
0.0009582506765341916
0.00082475289630021
0.000692508020937317
0.0005597248510469064
0.00042715922544248725
0.00029458714532167995
0.0001619416807522191
0.0009759484999483873
0.0008398643094225089
0.0007040348122745474
0.00056902199344876
0.00043385813960881704
0.0002987649802628385
0.00016427718040621267
0.000962044566714553
0.0008302823237897199
0.0006977732496747746
0.0005665500642027951
0.00043255457971822425
0.0002986888492918741
0.00016475883425635726
0.0009579188108543254
0.0008248857726537478
0.0006917722339919582
0.0005574120677879084
0.00042532050283149793
0.011371514977776272
0.00016068143535995837
0.0009771019906574018
0.0008412055527077242
0.0007057030566702077
0.0005703949985364866
0.00043506145243015577
1.0774511770561692
0.0001649926784498938
0.000967933480632954
0.0008332101186673474
0.0006995986610872433
0.0005675109325194032
0.00043396607582434847
1.076748695562571
0.00016504667726341356
0.0009600703066870743
0.0008271481850744064
0.0006941777685877175
0.0005595594941508546
0.00042691516073263796
1.0779994360313507
0.00016180604970755395
0.0009848718009422572
0.000848639146511487
0.0007119890626361016
0.0005754545901968281
0.0004383586491751488
1.0747911547911548
0.00016602567549338398
0.0009561108353099086
0.0008245441770708621
0.011835028109112916
0.0005608752606040478
0.00042882360008502534
0.7395449145267884
0.00016303889681953726
0.000983314848905164
0.0008481980996954628
0.0007132058793961271
0.0005767882570464457
0.0004406972514358277
0.00030449597827421197
0.00016765720959342173
0.0009773701225471768
0.0008420625269018302
0.0007046489967185096
0.0005702762275477184
0.0004340306197377295
0.0002986127571102497
0.00016431567655579403
0.0009608135873823004
0.0008261826121754974
0.0006936789428775684
0.0005592429616329894
0.00042687549219480245
0.0002947306760292778
0.0001620118931457923
0.0009556864723498768
0.0008249708359919308
0.0006924876144170028
0.0005607340451335571
0.0004280569168093523
0.00029490342373659226
0.000162495487518777
0.00038406882513346394
0.0003310830035436228
0.00041132747738656085
0.0003342323156472398
0.0002557174058130518
10.165516792034751
0.0001675829773782024
0.0008504416572491157
0.0007362759720116523
0.0005959886476843226
0.00047861805334702015
0.00036464628524455664
9.27082918584348
0.000162321193060769
0.0009697693068014397
0.0008300438830119846
0.0006846483984508009
0.0005582339973685878
0.0004287922935674687
9.969019595147692
0.00016237465553047155
0.0008249431066881469
0.0007149913578611544
0.00036663271738711785
0.0002960407952006334
0.0002250014426277841
10.085841493919638
0.00016385109659208339
0.0066489786785154876
0.005433200737362957
0.20515774548032611
0.003237279833024514
0.0024610684431620486
5.92877523415767
0.00016515400611069822
0.0009514356157114954
0.0008193588151486277
0.0006877811831482635
0.0005575822938275273
0.0004281453922697611
0.00029523863123680075
0.000162383644276484
0.0010000990482711268
0.0008630986783801487
0.0007235834314789583
0.0005824920889335126
0.0004413159203767164
0.0003043786775126935
0.00016736863226543905
0.0009857025737262874
0.0008503094708911357
0.0007148377308845072
0.0005787108644398354
0.00044166542130978545
0.00030488647266359303
0.0001676647162941525
0.0010030032231122805
0.0008606571155499416
0.0007212149402743877
0.0005823587444805226
0.00044446658262672087
0.00030608008968146627
0.00016816952252277217
0.0009593954332777376
0.0008278421039015755
0.0006960307734456856
0.000563658141337279
0.00043054973034967317
0.00029732095239334074
0.00016373677081317635
0.00036514341007430666
0.0003148427630966332
0.0003758575499885543
0.00030448229996314164
0.0002328812225461145
7.100611081487081
0.00016375230974493716
0.00030454352585852724
0.00026233278846578945
0.00022067495430238396
0.00018016939479085237
0.0001378056002532772
9.793502002864697
0.00016346030607942313
0.003479645745296623
0.002989277302177235
0.0008154687481361876
0.0006398531705356034
0.00048231695084213164
9.930634104020465
0.00016645024981723573
0.01524814896268602
0.012750818272377971
0.0025101222683227243
0.0019668228047928366
0.0015030774214447684
9.090236123324889
0.00015437296508364208
0.00110132508469084
0.0009507054956295135
0.03922361803989923
0.0006450072934624055
0.0004920252671941093
0.0003370862266567788
0.00015905607449608143
0.0009883263453592376
0.0008515750336448172
0.0007151694866091171
0.0005769803807690921
0.0004408697676407291
0.0003040770075021499
0.0001671834154051918
0.0009892015336428392
0.0008511681237537654
0.0007131470363145472
0.0005777561963876934
0.00044052026962878573
0.0003041674746115211
0.00016743757717825822
0.000980448536350601
0.0008456539897219063
0.0007105702042416883
0.0005731739507522908
0.00043707569981565577
0.00030101300282105625
0.00016549908317269266
0.0009808479996831106
0.0008434044547945567
0.0007066706134972208
0.0005712342229429461
0.0004369575699132112
0.00030182443438572597
0.0001659326973208469
0.0009213291235679533
0.000793747818522318
0.000667109040392033
0.000540506422514226
0.0004115741024092164
0.00028346679895117287
0.00015583247300822193
0.0008643760700809521
0.0007479606385713952
0.0006273211717558653
0.0005066531559158422
0.00038729020389493754
0.00026721557198745757
0.0001470729557068067
0.0009883178924501065
0.0008476476359050673
0.0007111595304833993
0.0005753059388037233
0.0004382878436521468
0.0003019617131420343
0.00016604603815096415
0.0009804716445714868
0.0008445858371627195
0.0007121569548471657
0.0005757444906555155
0.0004397233154758915
0.00030330258603367415
0.00016689282541019126
0.0009926619375233848
0.0008549944654376122
0.0007151994141451608
0.0005776469626980673
0.0004405625147764098
0.00030368368307570837
0.00016697183299021887
0.0009551080833368538
0.000823694453484246
0.0006902065020756676
0.0005582606507960264
0.0004267066888112724
0.00029470597553203637
0.00016218148845746974
0.0009748013842179656
0.0008397729988612454
0.0007057282233104285
0.0005701302391265005
0.0004345944690360807
0.0002993034647182011
0.00016439226235510598
0.000970860191464832
0.0008365552224480631
0.0007021573598136295
0.0005693251717573514
0.00043491831690360656
0.00030049403096778796
0.00016545723071600678
0.0009888112207254833
0.0008514285659985423
0.0007146454807226282
0.0005762863840019866
0.0004387462070674071
0.00030203153964352726
0.00016591314446887055
0.0009941051476485112
0.0008554711965903363
0.0007170878604272394
0.0005797504975079311
0.0004426374322449922
0.00030531408709656797
0.00016797162806500503
0.0009626055510870501
0.0008296250206017374
0.000698725012682974
0.0005651529305689175
0.0004313261792680841
0.0002977046044668715
0.0001637704422267197
0.0009882577870437505
0.0008527786211445318
0.0007137027124499364
0.0005767160384920014
0.00044096781030020975
0.00030469168058409396
0.00016767238340576908
0.0009811191172946771
0.0008436156840960554
0.0007079865972111731
0.0005724718260062275
0.0004366627298008197
0.00030098893677539263
0.00016547169775842262
0.000962430061873148
0.0008297341146662913
0.0006960977795221363
0.0005627087019939138
0.00042928103752785935
0.00029561910955828964
0.0001626397916732123
0.0009858576819642077
0.0008488658735076161
0.0007122642045562178
0.0005763344559848257
0.0004392595825329942
0.00030276280521092635
0.0001664852041004549
0.0009601243730341685
0.0008279491994026938
0.0006955756026857358
0.0005641073696731054
0.0004307379822710474
0.00029740854919462693
0.00016402869383764701
0.0009893916287954823
0.0008522813746081028
0.0007151177994912393
0.000577451652670429
0.0004405307255939807
0.0003038584323563652
0.00016669855407947353
0.0009809201597013476
0.0008444314177494584
0.0007086444254090489
0.0005716295013472781
0.00043628335475572364
0.0003008763022302456
0.00016548974621771306
0.0009714142670866165
0.0008367958563662327
0.0007015638716996411
0.0005671848136266152
0.0004336371597139864
0.00029915600611774034
0.0001644573933876915
0.0009778369494495907
0.0008450191496806186
0.0007100783918990631
0.0005739038012631547
0.000437609932990979
0.00030133415698002907
0.00016574580432389367
0.0009808359740455712
0.0008426857976406678
0.000709049336444853
0.0005735307989812282
0.00043719924884646295
0.0003014715580426959
0.00016584341742976625
0.000965795067573152
0.0008318772386874909
0.0006963788300835655
0.0005637746941197743
0.0004304758335134714
0.0002970810854971513
0.00016341204346760355
0.0009853644948538392
0.0008490532960988086
0.0007117734137485849
0.0005744075005526783
0.0004379643342234203
0.0003017421839344918
0.00016584623039056788
0.0009742270117553604
0.0008400139127304296
0.0007056057184088966
0.0005704881239010128
0.0004357192090193876
0.0003005445491550002
0.00016534577936108889
0.0009710831966191365
0.0008361219618258067
0.0007012348073562515
0.0005668654114202869
0.00043240986490919393
0.0002981342386676381
0.00016394282493980224
0.0009666334851133796
0.0008342861825075514
0.0007014388824735421
0.0005676243148597137
0.0004336724203033464
0.00029942977342523335
0.0001647753391235637
0.0009923825100216321
0.0008535414348641193
0.0007183860006438725
0.0005807572577941349
0.000442945049993604
0.00030517374399546815
0.00016835032938315866
0.0009672700013299962
0.0008339872128165964
0.0006980368641436471
0.0005645022770424909
0.00043129971798203787
0.00029800902036053505
0.00016360450470130557
0.0009953496117657981
0.0008595631193699095
0.0007214508837773327
0.0005855928742593406
0.00044734058912056115
0.0003083597286048939
0.0001695842872449491
0.0009744816975471171
0.00083844023914262
0.0007048160870522848
0.0005683119359527404
0.0004325844215535188
0.0002978894532239086
0.0001635905143527439
0.0009727635557875222
0.0008370123889043545
0.0007007767252666353
0.0005656061241747313
0.0004315094927438517
0.0002975501395231201
0.000164180329703953
0.0009830137120960783
0.0008460356713566881
0.0007094701050808249
0.0005739585201687891
0.00043822616625771853
0.00030241430570873153
0.00016592784778382617
0.0009918402069131263
0.0008556582791145847
0.0007186022421918897
0.0005807689074667013
0.00044294674138210837
0.00030575546442344073
0.0001681198847614608
0.0009859446012896913
0.0008484535135539502
0.0007123235767737047
0.0005762241208554274
0.00044020180976071614
0.00030321004686490285
0.0001666710859757645
0.0009853038146416147
0.0008496410361448297
0.0007120800787075747
0.0005749871148035539
0.00043843237747515865
0.00030233401862377556
0.00016625198132687975
0.000988830964100682
0.0008516859294070232
0.000715383115246127
0.0005787747680855216
0.00044194348457198153
0.00030495533357348566
0.00016787229496688336
0.000972629822700806
0.0008382080683139576
0.0007035888645834698
0.0005696238702381834
0.0004350871533954145
0.00029999371888151093
0.0001648701132638943
0.0009849445542510302
0.0008479195687723336
0.0007113613488622002
0.0005747707770655116
0.0004382112669405487
0.0003025280949333162
0.0001664055549199788
0.000964553583270189
0.0008318795557243247
0.0006988912536361863
0.0005649560021929213
0.0004315143083262732
0.00029742375263266496
0.00016364086037901456
0.0009772250192156267
0.0008432718949524154
0.0007076534794060605
0.0005720054152354772
0.0004360344918318711
0.00030053862156082856
0.0001652323062956325
0.0009745675356560526
0.0008375796565362529
0.0007027209879958061
0.0005676810230209594
0.0004332504804038193
0.00029954329008989106
0.00016475713768173602
0.0009648381437627389
0.0008332697841124468
0.0007006350436778867
0.0005676741326396754
0.0004338005415027449
0.00029844203929175973
0.00016411694824534738
0.000984897916277995
0.0008469137272805468
0.0007092847448131195
0.0005726627026100421
0.00043693535051820154
0.0003013032306297332
0.00016592378064876197
0.0009804919807069347
0.0008442587577712322
0.0007084554916605744
0.0005734339735107458
0.0004373937741143954
0.0003017649477380831
0.0001658202922582651
0.0009821781879001314
0.0008461635078765924
0.0007099818539212336
0.0005734204530021579
0.0004382588655329237
0.00030256556690386546
0.0001665069398389613
0.0009739405353114315
0.0008387400551733693
0.0007039689055436616
0.0005688979380256809
0.0004330834703053145
0.0002981809100854102
0.00016390923526097423
0.0009828307036311814
0.0008466784407887339
0.0007104325892055815
0.0005743510683118802
0.0004384605498900069
0.000302474906398195
0.00016634594664075703
0.0009603433596873713
0.0008300892531234887
0.0006979060035693437
0.0005671012266362222
0.0004334358384181087
0.0002993986764707258
0.00016482070597578072
0.0010018360572356646
0.000860732352585175
0.0007217285398529478
0.0005805459805784453
0.0004421658503116126
0.0003044058948201532
0.00016722392138195368
0.0009783815311670964
0.0008434115999216833
0.0007089303541917864
0.0005729400778180783
0.00043804578711352374
0.0003020948388984867
0.0001661910706293165
0.0009825270785407583
0.000847020209372808
0.0007097500018876329
0.0005740663632046121
0.00043765492418383015
0.000301784584277589
0.00016592612704850417
0.0009763232230682647
0.0008402628447211143
0.0007080692589659741
0.0005728121496471741
0.0004376421275821121
0.00030249692303911094
0.00016659031277331223
0.0009950591486120838
0.0008594806664812132
0.0007185150434309858
0.0005802988539097636
0.0004422223196466796
0.0003044073426856148
0.00016787437655176493
0.0009729646795110478
0.0008360642276483455
0.0007028470915028404
0.0005695566357563534
0.00043471173178286147
0.00029996925315155194
0.0001644467907180999
0.0009548888472655289
0.0008235074616577316
0.0006902261408465183
0.0005595121201552279
0.0004276079940577234
0.00029502305328577314
0.00016234260377243626
0.0010010491765407976
0.0008612941521395374
0.0007221880762138906
0.0005813997965100712
0.0004427493590153407
0.0003049588210291979
0.00016756909606945738
0.0009628221056549134
0.0008291812575422179
0.0006964175245320482
0.0005633515712227417
0.000430052116013973
0.00029661653229319805
0.00016314786387535503
0.0009860857610164268
0.0008502174886700928
0.0007133005898009398
0.0005762306742372762
0.000440677161241304
0.0003041561994162102
0.00016743391354892353
0.0009438756988310463
0.0008139904610492846
0.000683848356626918
0.0005533500430484491
0.0004220998375279505
0.00029102391307115716
0.0001600823696556592
0.0009891234464104329
0.0008512247280783507
0.0007137894245262602
0.0005770554039625104
0.00044044123858910726
0.00030415533212811783
0.0001671711880457403
0.0009672286202948745
0.0008334813941092586
0.0006998577948523225
0.0005661085345517082
0.0004338646304950732
0.00029944574464202666
0.00016477179106936892
0.0009876374382964013
0.0008513145018004922
0.000714306747254146
0.0005773968140611319
0.0004381574722846513
0.0003015638914935423
0.00016589234529360589
0.0009804161866712418
0.0008444871295825915
0.0007082192993526198
0.0005730356563897245
0.00043795234625418605
0.00030186685784900995
0.00016583419783831353
0.0009754670048285616
0.0008394669384940563
0.0007059229943150669
0.0005703543326291458
0.00043460098197342563
0.00029973267591966413
0.00016489961735793336
0.0009872108729886764
0.0008504248802429026
0.0007121636991600825
0.000575271645541834
0.00043902309791350486
0.00030284332022274124
0.0001667288742201162
0.0009880540465563466
0.0008511810612213878
0.0007147038920949188
0.0005791590382149709
0.0004421334080386333
0.00030491407140325266
0.0001675121589081253
0.0009862634366539116
0.0008507478700444649
0.0007137894245262602
0.0005755297618934929
0.0004390226825232072
0.0003026797563049612
0.000166468197480466
0.0009810256434443433
0.000844125134014286
0.0007088555094192004
0.0005730199944394441
0.00043720789989446705
0.0003015138823587054
0.00016579920397541273
0.0009791801813931287
0.0008439359060819899
0.0007082619891236576
0.000572710711385828
0.00043696909197069294
0.00030153405450228035
0.0001657895207835062
0.000986747225722223
0.0008499811695019926
0.0007131308054490022
0.0005770033785066241
0.00044117409357264493
0.0003043989452576547
0.00016748426266480784
0.000985153546600131
0.0008490420323185575
0.0007127002810996055
0.0005760603347403228
0.0004389666120481198
0.0003026720264838023
0.00016648315682335003
0.0009835650070268154
0.0008465808432738869
0.00071037755811493
0.0005741861760900566
0.00043819098894228817
0.0003023320191338377
0.00016637928426656987
0.0009876730802104504
0.0008517806588751552
0.0007151307205702787
0.0005784950185679774
0.0004417625564342145
0.0003043034209410203
0.00016743375426432844
0.0009829356696958098
0.0008472725106405513
0.000710990091521065
0.0005744145553625094
0.0004378866307738042
0.00030205263644755896
0.00016605481129663334
0.0009771497294046904
0.0008413706453669681
0.0007077214099843304
0.000574136293157013
0.00043866283466949024
0.00030288660398807005
0.00016657076228837942
0.000994797400900483
0.0008567382559448169
0.0007178223256106978
0.0005786425692491447
0.00044126429829466563
0.00030382612031134583
0.00016706280802205228
0.0009882483962343936
0.0008519847631653516
0.0007148390899109779
0.0005780715040222558
0.0004416065723240212
0.0003046995139090567
0.00016758122214319244
0.0009765625
0.0008411644870868108
0.0007070878979837652
0.0005726637813705314
0.0004369579814048011
0.00030143378865535097
0.00016589906926851706
0.0009809710481487
0.0008449330890319953
0.000708615043935075
0.0005722643786131249
0.00043667916786267193
0.00030136026489567286
0.0001658042021944563
0.000985455062301606
0.0008488007373956406
0.0007115121146291433
0.0005749131720361476
0.0004387478665412201
0.00030352122561870906
0.00016673692986154202
0.0009846899646837157
0.0008491683646874852
0.0007132904410544178
0.0005768632302822834
0.0004400314850114275
0.0003022275112036683
0.0001663622992782145
0.0009688613550085008
0.0008343933978622394
0.0007002970675060299
0.0005665717099935609
0.0004332694945593864
0.0002988863680729582
0.0001642357903380831
0.0009607594433877117
0.0008324228708183757
0.0006991154144722469
0.0005647544897053059
0.00043263362924603335
0.00029946395951247265
0.0001650956006712637
0.0009996395530457768
0.0008562830244757416
0.0007177791607328983
0.0005807334051608861
0.0004405579134265721
0.0003027785610070415
0.00016625276654994337
0.000974664349964481
0.0008398517136818031
0.0007051035620856814
0.0005700131815548234
0.00043489752727013696
0.00029978995965951354
0.00016491305989623596
0.0009686781641313378
0.0008343188103507677
0.0007014591656553653
0.0005676031184563435
0.00043544238224521223
0.0003019457573318563
0.00016614651479364791
0.0009880559239652965
0.0008520017762715604
0.0007140307033202428
0.0005763574022586006
0.0004381090683856153
0.0003006569354038574
0.00016521307323538826
0.0009684490474744897
0.0008337931913713571
0.0006997386215707457
0.0005654909168021488
0.0004314132036614336
0.0002973657115032208
0.00016348885210389717
0.0009805271087461132
0.0008450653746723721
0.0007089296858649602
0.000573900009250362
0.0004380462006572581
0.00030256899991490247
0.00016643781467149337
